8355917 2925006 -2093887
-4945887 5997078 6418846
-7544699 -7179100 -153091
-8204701 -9630441 -2917576
-7499425 -9152449 -1088492
3732634 -1056014 6079162
-1121339 4231876 -7208033
-1469256 8053094 -4961570
5002318 5668443 -6923279
-736178 1568397 3113903
-4340841 -1142677 4763995
9179152 5386784 4616983
6821783 -4348853 -7888448
-482748 -1577333 -3852873
8887108 -7181147 -3622738
1948142 4724510 6127604
-6461125 8204166 9718592
3369774 9068274 5601036
-3236734 -6744279 -8699397
8058323 2290968 6812945
-990694 4270225 -9362047
-4451586 826020 6195341
-3786785 -6961494 -8713775
-5511112 -8282152 -3290620
-9388648 9407439 3195954
4329776 6715277 9384574